6.432200082871238465e+02 1.818302868990983825e+02 3.552155906873232993e+01
1.548148157618825849e+02 2.263054440829905900e+02 4.365338852392963531e+01
7.513775252332698074e+02 2.066323353671184293e+01 5.978870338330146694e+01
1.822304134609011896e+02 8.205897514696371786e+01 1.634706669132355614e+02
2.868554278017941783e+02 1.656679377359222372e+02 3.851400323882374721e+01
2.748119047613965336e+02 5.990199959607273286e+02 1.664165288044450364e+01
5.146906278052587140e+02 5.377356646244011245e+02 3.072314399316695699e+01
2.636875808034790225e+02 5.232885199104372305e+02 7.025949591961600049e+01
7.786726677093886337e+02 8.583896831067970368e+01 9.091232553910870706e+01
3.833959292298304717e+02 5.041220473909564248e+02 1.008083910315322669e+02
5.205623008094850093e+02 3.729524826763457099e+02 8.929553296761195469e+00
2.589465551817871187e+02 4.221917569422159886e+02 6.240914500910272977e+01
5.600629756315322538e+02 1.814289378756185442e+02 6.996124661724631721e+01
7.213154067487440670e+02 4.114557445515670793e+02 2.454270712208823824e+01
2.545244209989226363e+02 1.820180813857940905e+02 6.472007708975129958e+01
4.478842534210842530e+01 4.997536577119069534e+02 2.224867130440297913e+01
3.680683796762963311e+02 1.686108111886581185e+02 1.611461460865015738e+00
2.423950163644645883e+01 4.495831064824716350e+02 1.828954361072860308e+02
6.446051484795660826e+02 2.031280265676376189e+02 5.850299438156869769e+01
4.975078535291432331e+02 1.554022852018216554e+02 1.248423522120532709e+02
4.285897184822990766e+02 1.680993373895275056e+02 3.838505211338245715e+01
7.827785177254133941e+02 1.521694587533128917e+00 1.731545667687581727e+02
1.480651374985039297e+02 5.585425332840927695e+02 1.587597232597790367e+02
3.575885345146136842e+02 1.657653180477180683e+02 5.392199806172013155e+01
1.281716504825363145e+01 4.923537713322996296e+02 1.640947591428773364e+02
2.056629866826320949e+02 1.229946101918378645e+02 5.565486271340702729e+00
5.373111111028389359e+02 4.150453086553425806e+02 8.132471158639455666e+01
3.489951834872746304e+02 4.613525707387855732e+02 1.606933805153166190e+02
8.550098411286563760e+01 4.221842879153001604e+02 1.512101733896911071e+02
7.009389435741916259e+02 4.761157112033569092e+02 4.634758728420185214e+00
1.401995796340598304e+02 3.319832991001808296e+02 8.406061983884691813e+01
7.913309519195482835e+02 5.086022876255856886e+02 5.205412649512379630e+01
2.091182678746034469e+02 6.876183417233269779e+01 1.606011839163835475e+02
3.560655134944477709e+02 3.493689038597325975e+02 5.971542158073619078e+01
6.295338258086818541e+02 2.855124124422414980e+02 1.511259188758969572e+02
5.980665004613965721e+02 1.595578875398009018e+02 1.502323784229587034e+02
4.582594391089753572e+02 3.175935313125536936e+02 1.740013373218316985e+02
2.051174848867296134e+02 4.897324203685529369e+02 1.784324149105557353e+02
4.644507640144608445e+02 5.230282332831202439e+02 9.704809509346323182e+01
2.390904932986774867e+01 5.708965505232897613e+02 1.042279150560470669e+02
5.387342734456001381e+02 6.916261244232771332e+01 1.707989339068201389e+02
1.755492682586518356e+02 1.260984475330642312e+02 1.777714887921398770e+02
5.947463515009598041e+02 3.613222139538705591e+01 1.108112013857432032e+02
4.251933263752845278e+02 5.690549171925908922e+02 1.745264707819799241e+02
5.317324435187342715e+02 2.660651967284306352e+01 2.173824314614496345e+01
3.833079855484770064e+02 3.901398049292901078e+02 3.491653741838705116e+01
5.644940364099788894e+02 5.157736219588149424e+02 5.666378618087408370e+01
7.172601664497528873e+02 4.024033529217928731e+02 9.553529475058037690e+01
1.796219703791119287e+02 5.537858656107755451e+02 2.571570733969861067e+01
3.883319214028811643e+02 4.448811257994803441e+02 1.317645844049160644e+02
