6.903367068962785424e+02 5.616575137713325603e+02 2.932130348662983010e+02
5.839810219284751156e+02 1.185636461522275482e+02 1.967446210934734836e+02
1.338551152777616267e+02 4.533718556080621624e+02 2.332381756107980095e+02
4.238952639223856522e+02 2.562275247624334611e+02 1.101219983998573895e+02
5.963425612969925851e+02 5.670906664783424276e+02 9.126972549560711911e+01
6.500941132745562072e+02 3.587316484384318755e+02 2.141629308605683946e+02
7.314796609319903382e+02 1.547271517919280086e+02 2.792740115476057667e+02
1.416384047401594444e+02 1.748944965781637961e+02 2.145706563984760606e+01
4.789150435059943902e+02 7.265272106789760187e+01 9.648758002061408945e+01
3.208646582341517046e+02 1.763748514249403456e+02 6.503641727828846086e+00
2.353123407715611677e+02 4.441361814600306843e+02 2.171652466019718020e+02
1.594973544931657443e+02 5.516256150115228820e+02 1.114465798617993926e+02
3.230012951494624076e+02 4.494864150775428158e+01 2.633785853526396750e+02
6.998327387643516317e+01 5.723664247500452973e+01 2.296093477540406695e+02
5.610071861772302100e+02 1.968969327468803385e+02 1.059932274089054118e+02
2.176521689321440931e+02 2.573808622071122159e+02 9.041677583345015989e+01
1.796378859853880385e+02 3.006834028719942467e+02 1.132466892320407368e+02
6.114469697415587461e+02 2.695559666138920534e+02 1.560786143006818065e+02
2.661182467358786425e+02 5.781712765511390444e+02 1.957783170512464324e+02
2.414746264097836104e+02 1.925937131837405332e+02 2.753674502721870567e+02
4.490395327969515051e+02 4.820028701825818018e+01 2.448712318109072328e+02
2.015742708600789115e+02 4.796104536302390215e+02 1.944397384937919924e+02
6.576077026687461284e+02 3.757491324121767207e+02 4.388730105514265745e+01
3.346947103563492760e+02 4.399534770455005059e+02 1.783722362067741187e+02
2.906933204575503638e+01 4.537824647520484973e+02 2.245954963270813778e+02
4.776807926612578115e+01 3.320289277813386661e+02 2.296044239141139940e+02
4.422892378306779051e+02 1.406802407035667102e+02 1.179814629409825510e+00
9.346286951092102413e+01 2.227143978653935221e+02 2.132309043579346621e+02
7.109640345640327723e+02 3.625719470779274189e+01 1.676718778071214047e+02
2.794149446726941051e+02 2.354861372178239094e+02 1.536674298935683112e+02
2.508861428943513090e+02 3.803364623320491091e+02 1.438495008483126014e+02
4.265492814123844028e+02 4.403943413634775652e+02 2.426773458684035631e+02
1.309261779805816559e+02 1.861381434752023836e+02 3.722252830274449309e+01
1.408474297378300548e+02 5.018207623178361700e+02 1.304111867672682763e+02
2.881691415500200719e+02 9.514563548805599069e+00 6.119913665679636239e+01
5.838288126819387571e+02 1.032599250598063065e+02 1.049898237480040564e+02
9.870880625891187776e+01 5.916708843421075699e+02 4.643118073178129634e+01
5.837023775775136301e+02 4.353849785811648871e+02 1.342564146434659378e+01
7.948274882205375889e+02 5.705462817993912950e+02 9.355915385915612603e+01
2.015967446272527184e+02 4.483236248664251207e+02 2.524133814368120454e+02
5.508274206514524849e+02 5.996459790616759378e+00 2.815836940613748425e+02
5.443668184054876065e+02 5.828521849440777487e+02 1.184549182403769407e+02
1.703171087179595418e+02 3.089771277284294229e+02 2.158815492233101736e+02
6.950415659278410203e+02 3.824668641502536275e+02 1.016260662367045882e+02
4.306648985670124148e+02 1.499929362693737112e+01 1.049900971107667935e+01
4.246344376189219929e+02 3.391602030429107799e+02 5.049862721076065242e+01
6.643025708538328900e+01 3.008309234333914901e+02 9.807973181209749924e+00
6.121591233121550886e+02 4.486132182626496956e+01 1.326148219423787964e+02
7.190476505146773434e+02 3.012746378333116581e+02 9.712116255450105484e+01
2.962674842268340853e+02 2.060983177026030262e+02 2.683771969659019305e+02
