4.856239525500481022e+02 2.726465191456979937e+02 1.771884808925363188e+02
6.116187802096369523e+02 4.433278435352888636e+01 1.800215909573615818e+02
2.248494896891743906e+02 1.942221831348095407e+01 2.600139679863603419e+02
5.752027290101498238e+02 3.334456723801453677e+02 9.477310418770599654e+01
1.797202960821118154e+02 2.257978838449467105e+02 1.286179579978485865e+00
3.687097377178376973e+02 4.573465364671702673e+02 1.552643389330497712e+02
7.896572839161669890e+02 2.362550733389677760e+02 1.631337766787180215e+02
1.478098536917748618e+02 1.456402968089615797e+02 2.408238033899959021e+02
6.452146915612623843e+02 4.308312374703110095e+02 2.360286782177898317e+02
7.564749054714367276e+02 3.750917344225463808e+02 2.898786770464519122e+02
5.645145800685788799e+02 2.719964999250652227e+02 1.954984560235803883e+02
4.464678683271476984e+02 1.902388368838349209e+02 1.631062625241019859e+01
2.168257577715877460e+02 2.477789492158261098e+01 2.180348208093898421e+01
6.493285742132002269e+02 1.039286278081627586e+02 1.516196295371253484e+02
6.263013423485279674e+01 7.085195992813819288e+00 1.225324407345870696e+02
6.409407223451904656e+02 2.481929330662939321e+02 2.847168811826450678e+02
7.898488248809603647e+02 3.605344147594874471e+02 2.764269177458298259e+02
4.519351109782735421e+02 1.758681621160527868e+02 2.966660370540716940e+02
7.167830906497380283e+02 1.206146595535571038e+02 2.964871589435771426e+01
7.345572809811769730e+02 4.217824413907738972e+02 5.947699480374213366e-02
3.055166901599026232e+02 3.487133170683035246e+02 8.522794145252862563e+01
3.809832605857820909e+02 1.969736523477300523e+02 2.421595254341791019e+02
7.551288002937694728e+02 1.580501110482311447e+02 1.768769924657491401e+02
4.293236717254238499e+01 3.820045140462041786e+02 2.564517848470243280e+02
1.978067351507853289e+02 4.353117402612924138e+02 1.669142234317177440e+02
2.940775292608688005e+02 4.394873961457852261e+02 6.173183578173792085e+01
1.360005977583660410e+02 2.882513511592638267e+01 2.853839601883350241e+01
2.610128703033237230e+02 8.023130432366632192e+01 1.923275488146342127e+02
1.905162105962720034e+02 1.374741857714053026e+02 2.369822284070584715e+02
3.473303854220549169e+02 3.284491663777422588e+01 1.172161135632680100e+02
4.278266261355698248e+02 8.756976037538028379e+01 2.675623101054526387e+02
7.036192921915259149e+02 2.403897590980627683e+02 8.934226327738755913e+01
7.630720645885190834e+02 2.374397452623016704e+02 2.138859470365713662e+02
7.456265298242334438e+02 4.993663510741218943e+02 8.246826446332457294e+01
7.112779637642950092e+02 1.881586218730951714e+02 1.909340841934352113e+02
5.806726940422259986e+02 3.999042527651063210e+02 2.131957347092854320e+02
3.650615816668938578e+02 6.474033625212754828e+01 1.491623679648465952e+02
1.176075048178734761e+02 4.150105915375967243e+02 2.590723046456320162e+02
3.719047716627559907e+02 4.507522725236023575e+02 2.278147083810447100e+02
2.583913521998456986e+02 2.460704698269939854e+02 2.740405487494559225e+02
1.717913057841233240e+02 3.981143901955417732e+02 4.729154690735033739e+01
5.945538476581700706e+02 1.537798317258632324e+02 1.211716651776701923e+02
6.830584234156477805e+02 3.930098291498135410e+01 2.684100104591958598e+02
5.880099260895138968e+02 3.324871796480189801e+02 1.868519861368562260e+02
7.503878578728202910e+02 2.505896767841328483e+02 8.125877141468492937e+01
4.525053928957385097e+01 4.163914720201296973e+02 4.941901065742675314e+01
7.251442672489656616e+02 3.949827757404592603e+02 2.750234742473933807e+02
7.646594245723475751e+02 3.594546180946676941e+02 7.595999839328017345e+01
3.167441994607299875e+02 2.215093337571601353e+02 2.108878896419206228e+02
6.729534776500754560e+02 5.735632943764274216e+01 2.034735181502444732e+02
5.419921269655302467e+02 1.379537786798765069e+02 2.395911009650831716e+02
2.288960779906811354e+02 3.600230576787757855e+02 6.279328389837657198e+01
4.611958912182224140e+02 1.184142276245225816e+02 2.314286263285352163e+02
5.352293798246529377e+02 2.188806908214453415e+02 5.687798061398222416e+01
4.062039948482131422e+02 2.706474168228191957e+02 9.516464935747192655e+00
3.379661075054833645e+02 1.404999990300192962e+02 6.034035314774109793e+01
1.751863200358623089e+02 2.285540744951913155e+02 1.995700738211936880e+02
1.697385506956116785e+02 1.535048454050490534e+02 5.689288598882627923e+01
4.830758215357590757e+02 3.409292341808502442e+02 4.720566472441127814e+01
6.147975472173563958e+02 1.281493702857597441e+02 2.667355005187349448e+01
4.293705896018237240e+02 4.342728096882236599e+01 1.910491939961252115e+02
3.191067698351518516e+02 5.532993994109403246e+01 2.956105043237756718e+02
6.258162134977735604e+02 1.562412711266468648e+02 8.215432158888089020e+01
3.944550375702473275e+02 2.713703581082706933e+02 6.180203386056518866e+01
4.507621533272296688e+02 4.377430353046011646e+02 7.916170146301868726e+01
1.355481594059220640e+02 4.034258693492517409e+02 1.132781092792433526e+02
5.430173835886865845e+02 3.547759370648589794e+01 1.021202004112601358e+01
3.351293768475720753e+02 3.386325996259235467e+02 2.810370636005339975e+02
5.245952236419032033e+02 3.489726213140445452e+02 1.273538181413607759e+02
6.570174759803843472e+02 6.722346686588164744e+01 2.555326762499930027e+01
6.448961500273259162e+02 2.238218377312937264e+02 1.781179504839421384e+02
5.658404533953230384e+02 3.405553410076196883e+02 2.943859521537781916e+02
4.098563626573417764e+02 4.062092681591853989e+02 8.515383520766140180e+01
6.412362503642823413e+02 2.148191038489506468e+02 2.470706976949515763e+02
4.450920495072103336e+02 4.296760994836949408e+02 1.090247782926302165e+02
1.953489003353858777e+01 6.529897672010042697e+01 2.551095987266597547e+02
3.884101273397769774e+02 1.394732531749568523e+02 2.450202050964573459e+02
3.413858724177013642e+02 4.974048723884930041e+02 1.330387892067496693e+02
5.740833667728571754e+02 4.009405014048338103e+02 4.667722882843636967e+01
7.242681876446233673e+02 3.783581750069348004e+02 1.403114678051603903e+02
4.415136737806637370e+02 3.521984545903405888e+02 4.688196685962873289e+01
1.710129169248557730e+02 3.468663098170140415e+02 2.309278000925334311e+02
7.012333188296798880e+02 3.524618971380161838e+02 2.680985846728111142e+02
3.943817024534802158e+02 1.289977078800837376e+02 1.043821227999849270e+02
6.012543207234746205e+02 3.979131502085567718e+02 2.332838680958973328e+02
7.450503493722411577e+02 2.526972711538249428e+02 1.322245035043891335e+02
5.367881670906771205e+02 4.217582437974375011e+02 1.658712610241370555e+02
2.493747845370965024e+02 2.178358194795495990e+02 1.365530994657873691e+02
2.364349102512761647e+01 1.337387389933543034e+02 2.317815594894933326e+02
1.629256469863843790e+02 2.730107912342615464e+02 2.540868541658054198e+02
3.972904902998704983e+02 6.029322021764699002e+01 9.327104161973068130e+01
1.525406193087467273e+02 1.242776532957285980e+02 1.738570404716195981e+02
4.474846317845137378e+02 4.301481509457279344e+02 1.812985743082376757e+02
2.801660841749918518e+02 1.203780498477857748e+02 1.122119093883804055e+02
3.449801346091741721e+02 2.492597421848370516e+02 2.164229851355104017e+01
5.594779361782940441e+02 1.218305114743041315e+02 1.902528366899886407e+02
7.379985909160578785e+02 2.341357993842056544e+02 1.681337369609263703e+02
1.958149942505017691e+02 3.421637135634165929e+02 2.537030702788822794e+02
6.535576746263012637e+02 4.858027836002870714e+01 1.666773354205643045e+02
6.215670185187080676e+01 3.342147636235597474e+02 2.494053487783004641e+02
7.919527573141857602e+01 4.688022032603678895e+02 2.350387540192037648e+02
6.155060215367735736e+02 1.302070995051947193e+02 2.998805342540899801e+02
4.943819343900557328e+02 1.592238437150444952e+01 1.049402205745039680e+02
3.903809311955218959e+02 4.536069270158952804e+02 8.658528606353614521e+01
7.335582729929204788e+02 5.929577080792852684e+01 1.273127926038588242e+02
5.529512469926237372e+02 2.464418136949449547e+02 1.900389954051764221e+02
7.576180812614591105e+02 3.709906637972540580e+02 2.436406719138989843e+02
2.533288255798105126e+00 2.534360707248116569e+02 2.977854188687473425e+02
2.797729842062331045e+02 4.858285037003318507e+01 1.921743573505563063e+01
4.464474673915227640e+02 1.278685702452331867e+02 1.795286876651565251e+02
7.519906386004281558e+02 2.087103200234462008e+02 2.539619745338420103e+02
3.521841032769720528e+02 1.391757134790035479e+02 2.706654123329797699e+02
2.472383528608361303e+02 3.674032116423597927e+01 2.928983656452973037e+02
6.639248505416387616e+02 5.238858237223442416e+01 9.989701408290653717e+01
1.420767942783774345e+02 1.736546206735288820e+02 2.613428437238081870e+02
3.956233208672744013e+02 9.538740790567851491e+01 2.795291407859867263e+02
1.323817227263566281e+02 4.659778090537450908e+02 2.862459941101033323e+01
7.205824881871672005e+02 4.236251000439409609e+02 7.737062720811394456e+01
3.832317706697509152e+02 4.076636023751867128e+02 2.439616666059223746e+02
6.306657529602665591e+02 1.340106690286235107e+02 3.594201759030872978e+01
3.013579295356603325e+02 5.302924425328120606e+01 2.246468210232807508e+02
6.405708231486406703e+02 1.470542028136551060e+01 1.727181997125339876e+02
4.075758465420905168e+02 2.725837713413192631e+01 2.264669811554516343e+02
6.541469450785663184e+02 9.652806891660887345e+01 1.310001236438675960e+02
3.361494776350784832e+02 3.205224923307522431e+02 2.183573377104876556e+02
4.278837835559450298e+01 2.122222648880652400e+02 1.802484798165070572e+02
5.781840819954627477e+02 4.090417037310739943e+02 1.358386442070084286e+02
7.828007067768031675e+02 3.259726346807810273e+02 8.477425112303514254e+01
3.525733137249545734e+02 8.118999755604383495e+01 5.833022102430726363e+01
2.447347720602128902e+02 1.184392573702091056e+02 1.207105264490884267e+01
6.525118346168862900e+02 2.716503666301803719e+02 2.751817616067833683e+02
5.557362459617650075e+02 1.831632178296785298e+02 2.017216305214134593e+02
3.208836149158568674e+02 1.076913840262915301e+02 1.749021406827428038e+01
3.949626903027150320e+02 4.245030649971495791e+02 1.247846633891100794e+02
3.004529572082253139e+02 2.323126771212035067e+02 1.174612595373795756e+02
1.435244463080109369e+02 3.770612253081287122e+02 2.108682344685107921e+02
4.629825296999173929e+02 5.353241295425503665e+01 3.349488758970763058e+01
1.292920146503946341e+02 2.603134226340641817e+02 1.128547104501873690e+02
4.599572205665048727e+02 1.733238667892796911e+02 3.495971432631793618e+01
3.186449895508640111e+02 3.710911573559829435e+02 2.746967003120991535e+02
9.636201031890507807e+01 1.898770498657413839e+02 9.784136826433048384e+01
6.576113152394490271e+02 3.874972963874463403e+02 7.406651384767048540e+00
4.989285117834624543e+02 4.801454869607973137e+02 1.102150667561960944e+02
6.541111069990144244e+01 3.503409868168694743e+02 3.697471090234687097e+01
6.861576843196974096e+02 1.440136300909346971e+02 2.130387589299880915e+02
9.054898633351315596e+01 4.703325835124788341e+02 1.681303355103844126e+02
4.696416750174268486e+02 4.396697929791915271e+02 2.725663132278602916e+02
2.150984143039779326e+02 3.324983555407351901e+02 1.340543119574728337e+02
5.856108692200192536e+02 7.156442243447247442e+00 2.521538389066477350e+02
7.059169845152747484e+02 3.695312336499208072e+02 2.523841042025107981e+02
5.148902057954609290e+01 2.988405335680935195e+02 1.471423591789209695e+02
6.246570879824186022e+02 1.753687423067806783e-01 1.867392200630639536e+02
2.490584536656760122e+02 8.534585643412195566e+01 4.779806172236633621e+00
5.437424782420714564e+02 3.763231776958642172e+01 5.463857778823292222e+01
1.307057583223954680e+02 6.196766743840254321e+01 6.961643087331755453e+01
4.824710804618272846e+02 1.746875679136826705e+02 1.840433537334228902e+02
6.896579405122878370e+02 9.841317875122935277e+01 1.491282556125571830e+02
1.905791397079418914e+02 3.311969317037489304e+02 1.324478435906315781e+02
3.396810465643758334e+02 4.363933100037559711e+02 2.525909826109470657e+02
1.074504114233637750e+02 9.340783245926687073e+01 1.168539024303694731e+02
4.256349291247256019e+02 3.454057306489774533e+02 2.034330379306691725e+02
4.456723336617782820e+02 2.807999806445349122e+02 8.657401986623547430e+00
4.618952176718842111e+02 8.636541697999267342e+01 2.028996699101644907e+01
7.756215069460718041e+02 4.679969975654621521e+02 3.015379925252426041e+00
6.603981456091172504e+02 6.262608248762763452e+01 1.895089190552842524e+02
1.773670620647504279e+02 4.883467694105129908e+02 2.473115377530364754e+02
5.456624918028173852e+02 9.713458439946404610e+01 1.903664264073239281e+02
1.475749643775029369e+02 4.151389220179137283e+02 2.751296670383410401e+02
6.249690901197852781e+02 1.415085712227348580e+01 4.305600170790783920e+01
2.415545762917919888e+02 3.501888888512277731e+01 2.295219846560721066e+02
3.004475126773668876e+02 4.694224480994110422e+02 4.465725157389577049e+01
4.330598805691852249e+02 1.660108639783287572e+02 1.518464469050389027e+02
3.145227692030280195e+02 5.014368625388087963e+01 1.691444088654625091e+02
5.873897732562992360e+02 1.607732879298318664e+02 2.367491447883110141e+02
5.686994993735032722e+02 2.193753447524980231e+02 1.083605081600443327e+02
2.783797709954964148e+02 1.398648884574232909e+02 1.950772174302481972e+02
4.573213232966477904e+02 4.828100360737127517e+02 1.639571042863399839e+02
2.267425305058707465e+02 3.655159711407925442e+02 1.541561026799737100e+01
5.164368287752422475e+02 4.670008355316237498e+02 1.639345384774329091e+02
6.187828250574553977e+02 1.023255347297057938e+02 2.521973344501848828e+02
1.629948893968790173e+02 3.759115788484171503e+02 2.129507713699027249e+02
3.480788948258942810e+02 3.341692613576680060e+01 1.179964089243748901e+02
2.666515720970621146e+02 3.524327954380199799e+02 2.077962144066413543e+02
3.379100664138452998e+02 2.589512965206892545e+02 1.371214833645846625e+02
2.369304871154209735e+01 9.296963346633957315e+01 2.865378007791329082e+02
3.812042187970787381e+02 3.720645572815873265e+02 2.103980328124709445e+02
1.880549652534443510e+02 2.755289956685116408e+02 5.405179705186736072e+00
9.786879609335841224e+01 2.033935010082046801e+02 1.435406431823049900e+02
5.587504391462873627e+02 5.815557089058120965e+00 1.938215571386403724e+02
1.996020389861150193e+02 2.690341069616819709e+02 2.812738043129586458e+02
6.536980225324408593e+02 1.674336383561230832e+02 1.285684966826526932e+01
4.116360288783708370e+02 3.613755124239367547e+02 7.362514617629831548e+01
5.880984768046544104e+02 2.647728172111617369e+02 7.692552720543775990e+01
3.647750136958983944e+02 2.007335965948815328e+02 8.711698861434129526e+01
1.597421994844456208e+02 1.179019912986903336e+02 2.517042636072762321e+02
5.995638789077983120e+02 3.246599435865469445e+02 2.822326068560354617e+00
6.749385907073087765e+02 4.488262974876330986e+02 1.277332084859687598e+02
9.290370683478190017e+01 2.859161499351423004e+02 2.276704518869606773e+02
7.631247623400680595e+02 3.600056233605259308e+02 2.214467096799723436e+02
2.650564200190339079e+02 4.161188482445922432e+02 2.055397004054172498e+02
