9.776170452154184431e+01 5.702601532320226170e+02 8.190528297796051049e+01
5.174609030274054930e+02 5.700746280349059134e+02 3.089807328363817192e+02
9.085386952039904429e+01 5.575579008979841547e+02 8.477453721167815814e+00
1.480841615524439305e+02 3.422672699186226168e+02 1.898597958132057784e+02
8.024238051884830725e+01 3.448704610402758135e+02 3.193290704353026399e+02
1.609171105240824033e+02 4.464026758310195930e+01 3.420416338731882888e+02
3.367036459027458477e+02 5.694776938071967152e+02 3.738617311435298234e+02
6.146163806974433328e+02 4.416215600703164057e+01 8.997895395369650373e+01
2.652795107970090953e+02 2.760794242578728586e+02 2.192184550848610414e+01
4.588083141962979994e+02 5.118940605661080667e+02 1.701033084129920212e+02
1.992447525040176970e+02 1.121370904288430381e+02 3.223431314582526284e+02
5.738217498133576555e+02 2.577768379107629926e+02 1.706948687526860340e+02
7.932367330210719274e+02 4.024899150701426720e+02 4.625694665236190772e+00
2.550908085820736062e+02 2.094261263784370044e+02 2.891398151726202173e+02
6.460286799249885235e+02 9.802021824238936176e+01 1.696963751518472066e+02
1.546527950313064821e+02 7.234079645365211775e+01 9.532516082173358996e+01
7.063096764679546595e+02 2.392468478028577294e+02 2.517116213131901645e+02
7.666312780011210180e+02 3.751430419839729211e+02 2.829914239423172830e+02
3.308571973621387770e+02 2.009078542188098595e+02 3.661894249360424283e+02
3.269387690379115838e+02 4.519800155080188233e+02 2.334776174842295120e+02
4.762523768703759401e+02 2.829914488255971037e+02 3.319627019243440600e+02
5.711394763258044804e+02 5.518237227350974905e+01 2.742293335154499800e+01
6.592569488009995666e+02 1.849597209872761425e+02 2.596388971207277407e+01
3.038893383297933610e+02 3.678990509300628560e+02 9.183125863473411243e+01
1.026864406724575645e+02 1.792198815415246926e+01 3.819868243514305846e+02
2.544628146789647474e+02 2.820068173641381009e+02 1.495293564966446240e+02
6.608578885605584219e+02 4.289899922827561340e+02 3.182455980512920632e+02
7.469714659693098611e+02 1.714048573928599808e+02 3.606525038413446964e+02
5.572747382201724804e+02 2.672171058383659101e+02 2.290650008403240747e+02
2.853630002745084084e+02 5.917496175922194652e+02 1.705993157351401521e+02
7.823051342536147104e+02 1.968861263929498477e+02 1.816316334592441706e+02
4.189212055317135253e+01 2.816772249489978890e+02 3.254955079768313340e+02
4.716158995592423935e+02 3.645413257483426719e+02 2.469014817441884873e+02
1.642610703459390606e+02 3.230776236185786274e+02 3.826583136769504563e+02
5.762366887834326690e+02 4.557051654503052873e+02 1.969631539646431690e+02
5.469149190273014938e+01 4.655819989338183404e+02 6.688455509688013478e+01
2.706992835517510798e+02 1.493554423058541261e+02 1.538352673480580677e+02
2.789470578354245163e+02 3.674587582542712312e+02 1.084260230209951033e+02
6.151763649134976504e+02 2.867194122448852909e+02 3.848511880579911235e+02
2.192321575636040905e+02 4.555626091728762503e+02 1.171326546944380027e+02
6.097453056405908001e+02 8.449201132102569289e+00 1.661460683122585067e+02
7.738202355091254958e+02 2.256533291013554390e+02 3.078952780322693457e+02
2.525915173286271056e+02 2.818761874240926204e+02 1.458393410893373243e+02
1.522362830340387632e+02 2.186035885003068699e+02 7.962061963213203342e+01
3.221225447088875740e+02 2.406094534610838878e+02 4.715629113460639843e+01
7.271482916341449254e+02 4.284242999116372062e+02 2.615406938082248871e+02
7.938492810621205535e+02 5.259295219619630188e+02 1.583455288789759052e+01
4.429520644056089509e+02 3.472903788350077434e+02 2.014121832515675692e+02
5.036743949257855206e+02 3.940419850416358827e+02 1.717921688315308870e+02
6.107781209466766086e+02 1.315401124518827203e+02 2.158550412639487774e+02
