2.005984085157265042e+02 2.700592720139880498e+02 1.393394227908706284e+02
7.302613185814226426e+02 2.655050598978309040e+02 2.302363528652523428e+01
1.860912491843595831e+02 4.368115228712607063e+02 3.958207663900486182e+02
2.321098675572976333e+02 1.987615937133304556e+02 4.862197715950581483e+02
1.880200191308467197e+02 5.714565325503556323e+02 3.319824649103502452e+02
1.201725379184273947e+02 5.636169109581805969e+02 2.919422717479796958e+01
1.045681432366628769e+02 4.288302579326706336e+02 4.165214236093282807e+02
2.956214321651359000e+02 3.671980581636660190e+02 2.753005991371389314e+02
7.319126381497624152e+02 6.323956920799316350e+01 4.332957151195458891e+02
1.584113870413488314e+02 1.393985267554409546e+00 2.837149534585209310e+01
6.889775732270704793e+02 2.330672646655973210e+02 1.274618403677914529e+02
3.018556025271762451e+02 2.943858350775565569e+01 3.812468807052371744e+02
7.714269431390106320e+02 1.731057374025462536e+02 1.691151559959576218e+02
7.173650517449718222e+01 3.022678163969677030e+02 1.646840856643670463e+02
6.871246778831437041e+02 5.712152627292047100e+02 3.525092950626978450e+02
3.026476461642399727e+02 5.384794122120675297e+01 1.803801515467730496e+02
5.735438256264716301e+02 4.858866613108149863e+02 2.999729472112869075e+02
5.888934487484469571e+01 4.991381893801321326e+02 1.356624210395301873e+02
7.512309524578602122e+02 1.304995326859898626e+02 2.543723789426359758e+02
5.112977191476604162e+02 3.531364466979566714e+02 2.771701676805438410e+02
7.225707788853751481e+02 3.260085147460163171e+02 3.302435721674102638e+02
5.693665654141435084e+01 7.629661563416388503e+01 3.989130234977679947e+02
3.123671384682121470e+02 2.525169190227568947e+02 2.845371063358664401e+02
5.782186962010474645e+02 5.506004983613885315e+02 3.861814849109456986e+02
6.331295728541859944e+02 4.347491916413008539e+02 2.365185651286830648e+02
6.423714683921340338e+02 9.808403407931771767e+01 4.508565652555378165e+02
7.855655195088826304e+02 7.098287276190553996e+01 4.836944042455117483e+02
5.796701379817529869e+02 4.239437119876486122e+02 4.111954886470381325e+02
7.578199111509826480e+01 4.104262737725113084e+02 7.083566224260090394e+01
3.874602850324920951e+02 5.195365681932959205e+02 2.502455845807058950e+02
7.925709043136995433e+02 2.245244006918700279e+02 1.323195805362326105e+01
3.099537504012008640e+02 4.804129162713790038e+02 4.376942162485169661e+02
3.188717983852660254e+01 6.283079556341235872e+01 3.572209055735115157e+01
2.297152458643174668e+02 1.778012368954680369e+02 4.550945218615701151e+02
1.741377231437751618e+02 5.350741632092715463e+02 4.787299400663293341e+02
7.191708031179219915e+02 1.194756829170233914e+02 1.936256631040401714e+02
4.095865076799399844e+02 1.013171183428619884e+02 5.293920280704156056e+01
1.732694360442502841e+02 4.282147841948776090e+02 4.281971779452309192e+02
6.209441597426339854e+01 2.691975895923637836e+02 4.187955506778541803e+02
2.761471644060168842e+02 1.059422025041385922e+02 2.659319428586333061e+02
6.871994452493834160e+02 4.624439358412811316e+02 1.625152947154132050e+02
4.097228910725126525e+02 5.894773430688491089e+01 4.460476031995032145e+02
1.795803707638135052e+02 5.985404839719666370e+02 1.125409948471616275e+02
7.600247864021162059e+02 4.535299446640968313e+02 2.845952666639739732e+02
3.878883622936602933e+02 4.666661918107758424e+02 3.406203266638837590e+02
3.016489692605636037e+02 1.935224226507201806e+01 4.400931244198218337e+02
5.686020017229041059e+02 2.274317751964468926e+02 3.041873647733019652e+02
2.182636251066239481e+02 4.670293883041723575e+02 4.726875544703084415e+02
7.201093166524805156e+02 4.040686616397383091e+02 4.421276965066234652e+02
6.325312409150077428e+02 8.946587822827328296e+01 2.245359631216124967e+02
